$ 1 0.000005 3.9121283998153213 50 5 43
g -608 400 -608 432 0
R -624 0 -672 0 0 0 40 5 0 0 0.5
w -624 0 -544 0 0
w -544 0 -512 0 0
w -512 0 -480 0 0
w -480 0 -368 0 0
w -368 400 -416 400 0
w -416 400 -480 400 0
w -480 400 -512 400 0
w -512 400 -560 400 0
w -560 400 -608 400 0
w -368 400 -304 400 0
w -368 0 -64 0 0
p -576 192 -608 400 1 0
t -512 192 -480 192 0 1 0.639389548866 0.6670480356686554 100
t -480 176 -368 176 0 1 -4.972341513197344 -2.1595385677672496 100
w -368 160 -368 0 0
r -480 176 -480 0 0 1000
w -368 192 -224 192 0
R -576 192 -672 192 0 2 200 3.3 0 0 0.93
w -480 208 -480 400 0
p -304 256 -304 400 1 0
c -224 256 -224 400 0 0.00047 2.1871970545699053
w -224 192 -64 192 0
w -64 400 -224 400 0
r -576 192 -512 192 0 470
w -224 256 -64 256 0
w -368 256 -304 256 0
w -304 400 -224 400 0
w -368 256 -368 192 0
w -64 256 -64 192 0
r -368 256 -368 400 0 155
r 288 256 288 400 0 155
w 592 256 592 192 0
w 288 256 288 192 0
w 288 256 352 256 0
w 432 256 592 256 0
r 80 192 144 192 0 470
w 432 192 592 192 0
c 432 256 432 400 0 0.00047 2.1812674171463846
p 352 256 352 400 1 0
w 176 208 176 400 0
R 80 192 -16 192 0 2 200 3.3 0 0 0.93
w 288 192 432 192 0
r 176 176 176 0 0 1000
w 288 160 288 0 0
t 176 176 288 176 0 1 -4.972341513197386 -2.1536089303437707 100
t 144 192 176 192 0 1 0.6393895488655599 0.667048035668174 100
p 80 192 48 400 1 0
r 960 256 960 400 0 155
w 1264 256 1264 192 0
w 960 256 960 192 0
w 960 256 1024 256 0
w 1104 256 1264 256 0
r 752 192 816 192 0 470
w 1104 192 1264 192 0
c 1104 256 1104 400 0 0.00047 2.1812674171474695
p 1024 256 1024 400 1 0
w 848 208 848 400 0
R 752 192 656 192 0 2 200 3.3 0 0 0.93
w 960 192 1104 192 0
r 848 176 848 0 0 1000
w 960 160 960 0 0
t 848 176 960 176 0 1 -4.972341513197498 -2.153608930344967 100
t 816 192 848 192 0 1 0.6393895488656144 0.6670480356681167 100
p 752 192 720 400 1 0
w -64 0 176 0 0
w 288 0 176 0 0
w 288 0 848 0 0
w 960 0 848 0 0
w 1104 400 1024 400 0
w 1024 400 960 400 0
w 960 400 848 400 0
w 848 400 720 400 0
w 720 400 432 400 0
w 432 400 352 400 0
w 352 400 288 400 0
w 288 400 176 400 0
w 176 400 48 400 0
w 48 400 -64 400 0
o 13 64 0 4098 10 0.1 0 1
o 21 1024 0 4098 5 0.1 1 1
